image_width: 1280
image_height: 721
camera_name: kinect2_rgb

camera_matrix:
   rows: 3
   cols: 3
   data: [ 2.3206204724375716e+03, 0., 9.2675693300206831e+02,
           0., 1.5952718958982775e+03, 5.0634893428050913e+02,
           0., 0., 1. ]

distortion_coefficients:
   rows: 1
   cols: 5
   data: [ -1.6628245113088249e+00, 1.2267031014374634e+01, -1.4946327566797382e-01, 1.3298285837873275e-01, -3.7501303621261883e+01 ]

rectification_matrix:
   rows: 3
   cols: 3
   data: [ 1., 0., 0., 0., 1., 0., 0., 0., 1. ]

projection_matrix:
   rows: 3
   cols: 4
   data: [ 2.3206204724375716e+03, 0., 9.2675693300206831e+02, 0.,
           0., 1.5952718958982775e+03, 5.0634893428050913e+02, 0.,
           0., 0., 1., 0.]
