camera_name: kinect2_ir
image_width: 1024
image_height: 848

camera_matrix:
   rows: 3
   cols: 3
   data: [ 3.4910870083676639e+02, 0., 2.4051721407782799e+02, 0.,
       3.5214154845783651e+02, 2.1448543606038024e+02, 0., 0., 1. ]

distortion_coefficients:
   rows: 1
   cols: 5
   data: [ 7.9478999034057682e-02, -2.5654088326315050e-01,
       6.0632283874659703e-03, -7.8022671436199986e-03,
       1.2969542562540223e-01 ]
rectification_matrix:
   rows: 3
   cols: 3
   data: [ 1., 0., 0., 0., 1., 0., 0., 0., 1. ]
projection_matrix:
   rows: 3
   cols: 4
   data: [ 3.4910870083676639e+02, 0., 2.4051721407782799e+02, 0., 0.,
       3.5214154845783651e+02, 2.1448543606038024e+02, 0., 0., 0., 1.,
       0.]
