color_camera_params:
  f: [1081.372, 1081.372]
  c: [959.5, 539.5]
  shift:
    m: 52
    d: 863
  Mx: [0.0004080309, 4.584456e-06, 3.385731e-06, 0.0003763812, 0.001172245, -8.482294e-05, -0.0004013489, 0.6385052, -0.003650071, 0.1457202]
  My: [1.435979e-05, 0.0007750003, 0.0004092045, -1.129891e-05, 5.913899e-05, -0.0004504505, 0.001144535, 0.003720068, 0.6369357, -0.04469921]
ir_camera_params:
  f: [366.6091, 366.6091]
  c: [257.8333, 207.685]
  k: [0.08919171, -0.2665564, 0.09302849]
  p: [0, 0]